%YAML:1.0
---
matrix: !!opencv-matrix
   rows: 3
   cols: 3
   dt: f
   data: [ 1.37780371e+03, 0., 4.00026825e+02, 0., 1.37780371e+03,
       3.00096069e+02, 0., 0., 1. ]
