%YAML:1.0
---
matrix: !!opencv-matrix
   rows: 3
   cols: 3
   dt: f
   data: [ 7.7318146334666767e+02, 0., 4.0726293453767408e+02,
       0., 7.7318146334666767e+02, 3.0623163696686174e+02,
       0., 0., 1. ]
