<?xml version="1.0"?>
<opencv_storage>
<calibration_Time>"mié 08 nov 2023 16:11:13"</calibration_Time>
<nrOfFrames>39</nrOfFrames>
<image_Width>800</image_Width>
<image_Height>600</image_Height>
<board_Width>8</board_Width>
<board_Height>6</board_Height>
<square_Size>2.4069999694824219e+01</square_Size>
<FixAspectRatio>1.</FixAspectRatio>
<!-- flags:  +fix_aspectRatio -->
<flagValue>2</flagValue>
<Camera_Matrix type_id="opencv-matrix">
  <rows>3</rows>
  <cols>3</cols>
  <dt>d</dt>
  <data>
    7.7318146334666767e+02 0. 4.0726293453767408e+02 0.
    7.7318146334666767e+02 3.0623163696686174e+02 0. 0. 1.</data></Camera_Matrix>
<Distortion_Coefficients type_id="opencv-matrix">
  <rows>5</rows>
  <cols>1</cols>
  <dt>d</dt>
  <data>
    1.4859482507214009e-01 -6.1115321054365146e-01
    -4.8161622626381843e-03 -2.7364830567059568e-03
    1.2276265021888153e+00</data></Distortion_Coefficients>
<Avg_Reprojection_Error>3.1570530216575671e-01</Avg_Reprojection_Error>
<Per_View_Reprojection_Errors type_id="opencv-matrix">
  <rows>39</rows>
  <cols>1</cols>
  <dt>f</dt>
  <data>
    1.08233586e-01 1.98241562e-01 1.52910441e-01 2.16696396e-01
    1.70107901e-01 1.83681652e-01 2.66152322e-01 3.39989841e-01
    3.24665874e-01 3.05888385e-01 3.18312913e-01 2.71937847e-01
    2.54993796e-01 3.43021631e-01 2.07324043e-01 2.47007251e-01
    2.20989108e-01 2.29691923e-01 3.76439750e-01 4.10473228e-01
    3.18788826e-01 3.71120811e-01 3.99999112e-01 4.76551980e-01
    3.99600893e-01 3.36691201e-01 4.01134789e-01 2.64194429e-01
    2.97258407e-01 3.20407927e-01 4.12668020e-01 3.60507667e-01
    5.34282386e-01 1.69582322e-01 2.54684299e-01 3.81569892e-01
    4.02640313e-01 3.24706495e-01 1.73848569e-01</data></Per_View_Reprojection_Errors>
<!-- a set of 6-tuples (rotation vector + translation vector) for each view -->
<Extrinsic_Parameters type_id="opencv-matrix">
  <rows>39</rows>
  <cols>6</cols>
  <dt>d</dt>
  <data>
    -1.8778516836904770e-02 -3.6991586876135234e-02
    -4.9891520895177988e-01 -1.6550888509313654e+02
    -1.0582515933723853e+02 1.1106585019076190e+03
    2.4033151625292064e-02 -1.3367779916226183e-01
    -5.7302242822365312e-01 -2.0649692800259297e+02
    -5.7632461625167309e+01 6.1453370198669541e+02
    -8.5129414107930096e-02 -2.5371373002576270e-01
    -5.5325817335303773e-01 -1.3588263171073982e+02
    -5.6042831261365741e+01 5.6454146767755185e+02
    -7.1396951970492917e-01 -3.5444947768560153e-01
    -6.1960441968179902e-01 -1.5303284411948454e+02
    -5.6144215114605196e+01 5.7784844080518451e+02
    -4.7695721813033370e-01 9.1595651291042635e-02
    1.8234398392812773e-01 -1.3479979321661824e+02
    -1.1997070019344856e+02 6.4558257030490529e+02
    4.5534161466458467e-01 2.4525522880356049e-01
    -9.7830206549190890e-02 -1.1953486836934056e+02
    -1.3161533027142693e+02 5.8657344508007213e+02
    8.1163790565341909e-01 4.6338663060511742e-01
    -3.2985823894885979e-01 -7.8821905333624315e+01
    -1.2341785899239004e+02 5.4266630110802635e+02
    8.5123094074727290e-01 6.1995381100717617e-01
    -3.4483608160726287e-01 -4.8861322217072988e+01
    -8.5609429455889156e+01 4.4363847173477330e+02
    6.7753992031597221e-01 7.6975063148067546e-01
    -9.9971211005338359e-02 -2.8117822629740342e+01
    -8.6126811838650553e+01 4.8991466477918823e+02
    5.8405912105124014e-01 8.1992439085215629e-01 1.2299729560613775e-02
    -2.6387111849465499e+00 -1.0701321570961197e+02
    5.1763800959384457e+02 4.8507770016634383e-01 9.3366278970600625e-01
    1.0720585582672441e-01 4.9438333769958982e+00
    -1.0035883579338663e+02 4.8064716098150336e+02
    3.0168766485372622e-01 1.0664105320029785e-01 5.9024852393880077e-02
    -1.3787808194047670e+02 -1.0744127869583937e+02
    4.0909089099195950e+02 3.6499151126963880e-01
    -5.6137932547701119e-01 -7.8601172071984624e-02
    -9.9596273150904281e+01 -8.1448950701263712e+01
    3.5405629688206091e+02 3.7476875561919915e-01
    -6.1203503472106147e-01 -9.8315967825158140e-02
    -5.4263633955911935e+01 -4.9261966712315797e+01
    2.8874528849070140e+02 -6.4363968005631633e-01
    -6.4645547237425244e-02 2.1552228064783477e-02
    -5.7236795897997716e+01 -1.7905620744592920e+01
    4.7787735404116535e+02 -8.5358468987796099e-01
    2.7889204054185306e-02 3.6972950421582905e-02
    -3.9106688535776584e+01 -3.5639737777911420e+00
    5.6418802691264204e+02 -1.0008105796398687e+00
    1.2252125198410845e-01 1.7265700804913192e-01
    -1.4494112280134901e+01 1.1726910574737379e+00
    6.0773379551877588e+02 -8.6980400978784445e-01
    2.5697588061447457e-01 3.9526644095838270e-01
    -6.7671183242741835e+00 -3.6565243720894408e+01
    6.1902209296888418e+02 -1.0784791458929905e+00
    9.9642987944386169e-02 8.1044840498015427e-02
    -6.8430951233415584e+01 -3.3917967781034356e+01
    4.4023286697723682e+02 -1.1647973346724791e+00
    1.9427768956628896e-01 2.5969424102087574e-01
    -4.0856991520202648e+01 -9.4213440556967694e+00
    4.1023993717458893e+02 -9.2639205119892398e-01
    3.2031842381143050e-01 6.6758519725340848e-01
    -1.7927586371308202e+01 -2.9879563888528420e+01
    4.4660000532184341e+02 -8.1954990257650295e-01
    3.3213178013729228e-01 8.3128311325309090e-01
    -1.5464856613721911e+00 -7.1416130689335176e+01
    3.9349072286746389e+02 -9.7136851803573676e-01
    4.9409367978955299e-01 7.5171070665726025e-01
    -1.9146400196107869e+01 -7.7358794019464099e+01
    4.8709232872250072e+02 -9.1691877286434964e-01
    4.4103917375884233e-01 5.9322637412046952e-01
    -7.2245935359401017e+01 -1.0580160637110903e+02
    3.9267714467314318e+02 -6.6155579580225254e-01
    3.2475604039572825e-01 5.7843359170506148e-01
    -1.4720933270304517e+01 -1.3110144886489132e+02
    3.8005243005645690e+02 -6.6197921335219445e-01
    3.8379135741272646e-01 5.6285777733977982e-01
    -2.9080417476396014e-01 -1.4993869250224088e+02
    4.6858628353715164e+02 1.3539950450333951e-01 3.6393601308940160e-01
    -3.5816460627345045e-02 -6.7696535848586279e+01
    -1.3742058245207289e+02 5.0569477360261993e+02
    7.7879414132930203e-01 4.4585416186137272e-01
    -2.2353100659863642e-01 -8.7259747104912535e+01
    -1.0848553643842548e+02 5.2473224584975139e+02
    9.2006081947368423e-01 -1.3246828374905172e-02
    7.3694366725526905e-01 4.2067336703373064e+00
    -7.1540024717095164e+01 4.2338161186071579e+02
    1.0688707241390860e+00 -2.9894706286096967e-01
    7.5720996531233742e-01 -1.0853082669911579e+01
    -4.7270761281368145e+01 3.5730791613648199e+02
    1.0471101284178193e+00 -3.6831375258274290e-01
    7.2525730534352983e-01 -4.1115117766496418e+01
    -5.8959846203566237e+01 2.6707600310060184e+02
    2.4435485470933788e-01 -1.1226493380767118e-01
    8.6661371012077992e-02 -4.4143798595288139e+01
    -7.0310187545524016e+01 3.2132757469995016e+02
    2.0323546591392910e-01 4.4741080521845007e-02 4.6848947287683324e-02
    -1.0606967468341631e+02 -4.3857113665885457e+01
    2.5871875524202642e+02 -2.5054899637961442e-01
    3.4964009688661007e-02 -2.5291982806855079e-01
    -1.1987637445472987e+02 -9.8574890846594045e+01
    5.7630297640356468e+02 -8.1279352778571390e-01
    -2.0705294353262430e-01 -5.2137541635012119e-01
    -1.2391007357191742e+02 -5.6299118534033326e+01
    5.7806029288322316e+02 -9.1203862191193175e-01
    -1.9702494078292349e-01 -5.6293480013698305e-01
    -7.5615736504354700e+01 -3.3969452469563173e+01
    3.8423577881827782e+02 -9.9246500243444824e-01
    -1.6008849216296511e-01 -5.4041359058869165e-01
    -1.0455598606893261e+02 -3.7574466774279635e+01
    3.5800471154604770e+02 -9.5262443253661755e-01
    -1.6233798898603694e-01 -5.7324695410260285e-01
    -1.1821543116729448e+02 -6.0912866924405705e+01
    4.4140258916784023e+02 1.3472779636485685e-01 6.3392938718181815e-02
    9.7062718907877155e-02 -9.0147009675832621e+01
    -1.4553269091151230e+02 5.6670755077054935e+02</data></Extrinsic_Parameters>
